52,4
52,1
52,3
51,1
51,3
91,3
91,2
91,1
91,0
90,4
90,3
90,2
90,1
90,0
89,4
89,3
89,2
89,1
89,0
88,4
88,3
88,2
0,519
88,1
88,0
0,518
87,4
87,3
87,2
0,517
87,1
87,0
86,4
86,3
86,2
86,1
86,0
85,3
85,2
85,1
85,0
84,3
84,2
84,1
84,0
30,3
49,4
49,1
49,3
46,4
46,1
46,3
57,1
57,3
48,4
48,1
48,3
47,4
47,1
47,3
53,1
53,3
83,35
10,253
10,144
10,170
10,129
10,125
10,189
10,223
10,118
10,2
10,3
11,10
11,15
11,26
11,17
11,13
11,19
11,27
11,21
11,2
11,3
9,7
9,2
9,3
8,13
8,7
8,15
8,16
8,5
8,1
8,17
8,2
8,3
12,2
12,1
12,3
20,2
20,1
20,3
19,2
19,1
19,3
18,1
18,3
14,1
14,3
13,1
13,3
82,4
82,3
82,2
82,1
82,0
45,4
